0,1,2,3,4,5,6,7,8,9,10,11,12,13,14,15,16,17,18,19,20,21,22,23
Petecof,,,,,,,,,,,,,,,,,,,,,,,
Zendeli,,,,,,,,,,,,,,,,,,,,,,,
Verschoor,,,,,,,,,,,,,,,,,,,,,,,
Nissany,,,,,,,,,,,,,,,,,,,,,,,
Lawson,,,,,,,,,,,,,,,,,,,,,,,
Pourchaire,,,,,,,,,,,,,,,,,,,,,,,
Armstrong,,,,,,,,,,,,,,,,,,,,,,,
Nannini,,,,,,,,,,,,,,,,,,,,,,,
Drugovich,,,,,,,,,,,,,,,,,,,,,,,
Viscaal,,,,,,,,,,,,,,,,,,,,,,,
Vips,,,,,,,,,,,,,,,,,,,,,,,
Shwartzman,,,,,,,,,,,,,,,,,,,,,,,
Zhou,,,,,,,,,,,,,,,,,,,,,,,
Samaia,,,,,,,,,,,,,,,,,,,,,,,
Beckmann,,,,,,,,,,,,,,,,,,,,,,,
Sato,,,,,,,,,,,,,,,,,,,,,,,
Piastri,,,,,,,,,,,,,,,,,,,,,,,
Daruvala,,,,,,,,,,,,,,,,,,,,,,,
Boschung,,,,,,,,,,,,,,,,,,,,,,,
Ticktum,,,,,,,,,,,,,,,,,,,,,,,
Lundgaard,,,,,,,,,,,,,,,,,,,,,,,
Deledda,,,,,,,,,,,,,,,,,,,,,,,
